1 1
1.02 1.03
1.0404 1.0609
1.06121 1.09273
1.08243 1.12551
1.10408 1.15927
1.12616 1.19405
1.14869 1.22987
1.17166 1.26677
1.19509 1.30477
1.21899 1.34392
1.24337 1.38423
1.26824 1.42576
1.29361 1.46853
1.31948 1.51259
1.34587 1.55797
1.37279 1.60471
1.40024 1.65285
1.42825 1.70243
1.45681 1.75351
1.48595 1.80611
1.51567 1.86029
1.54598 1.9161
1.5769 1.97359
1.60844 2.03279
1.64061 2.09378
1.67342 2.15659
1.70689 2.22129
1.74102 2.28793
1.77584 2.35657
1.81136 2.42726
1.84759 2.50008
1.88454 2.57508
1.92223 2.65234
1.96068 2.73191
1.99989 2.81386
2.03989 2.89828
2.08069 2.98523
2.1223 3.07478
2.16474 3.16703
2.20804 3.26204
2.2522 3.3599
2.29724 3.4607
2.34319 3.56452
2.39005 3.67145
2.43785 3.7816
2.48661 3.89504
2.53634 4.0119
2.58707 4.13225
2.63881 4.25622
2.69159 4.38391
2.74542 4.51542
2.80033 4.65089
2.85633 4.79041
2.91346 4.93412
2.97173 5.08215
3.03117 5.23461
3.09179 5.39165
3.15362 5.5534
3.2167 5.72
3.28103 5.8916
3.34665 6.06835
3.41358 6.2504
3.48186 6.43791
3.55149 6.63105
3.62252 6.82998
3.69497 7.03488
3.76887 7.24593
3.84425 7.46331
3.92114 7.68721
3.99956 7.91782
4.07955 8.15536
4.16114 8.40002
4.24436 8.65202
4.32925 8.91158
4.41584 9.17893
4.50415 9.45429
4.59424 9.73792
4.68612 10.0301



